2023/05/22-22:47:04.693287 7f2023afacc0 RocksDB version: 6.17.0
2023/05/22-22:47:04.693933 7f2023afacc0 Git sha 0
2023/05/22-22:47:04.708517 7f2023afacc0 DB SUMMARY
2023/05/22-22:47:04.708537 7f2023afacc0 DB Session ID:  UQPQCHWSBUZFSQN2WOGA
2023/05/22-22:47:04.708728 7f2023afacc0 CURRENT file:  CURRENT
2023/05/22-22:47:04.708733 7f2023afacc0 IDENTITY file:  IDENTITY
2023/05/22-22:47:04.708743 7f2023afacc0 MANIFEST file:  MANIFEST-000518 size: 26584 Bytes
2023/05/22-22:47:04.708748 7f2023afacc0 SST files in /home/umangutkarsh0024/ic-projects/token/.dfx/state/replicated_state/node-100/ic_consensus_pool/consensus dir, Total Num: 12, files: 000654.sst 000656.sst 000659.sst 000662.sst 000664.sst 000667.sst 000669.sst 000671.sst 000673.sst 
2023/05/22-22:47:04.708751 7f2023afacc0 Write Ahead Log file in /home/umangutkarsh0024/ic-projects/token/.dfx/state/replicated_state/node-100/ic_consensus_pool/consensus: 000657.log size: 1832 ; 000660.log size: 2300 ; 000665.log size: 2300 ; 000674.log size: 7821722 ; 
2023/05/22-22:47:04.708756 7f2023afacc0                         Options.error_if_exists: 0
2023/05/22-22:47:04.708759 7f2023afacc0                       Options.create_if_missing: 1
2023/05/22-22:47:04.708762 7f2023afacc0                         Options.paranoid_checks: 1
2023/05/22-22:47:04.708764 7f2023afacc0                               Options.track_and_verify_wals_in_manifest: 0
2023/05/22-22:47:04.708767 7f2023afacc0                                     Options.env: 0x55b347e97380
2023/05/22-22:47:04.708770 7f2023afacc0                                      Options.fs: Posix File System
2023/05/22-22:47:04.708773 7f2023afacc0                                Options.info_log: 0x55b382312370
2023/05/22-22:47:04.708775 7f2023afacc0                Options.max_file_opening_threads: 16
2023/05/22-22:47:04.708778 7f2023afacc0                              Options.statistics: (nil)
2023/05/22-22:47:04.708780 7f2023afacc0                               Options.use_fsync: 1
2023/05/22-22:47:04.708783 7f2023afacc0                       Options.max_log_file_size: 0
2023/05/22-22:47:04.708785 7f2023afacc0                  Options.max_manifest_file_size: 1073741824
2023/05/22-22:47:04.708788 7f2023afacc0                   Options.log_file_time_to_roll: 0
2023/05/22-22:47:04.708791 7f2023afacc0                       Options.keep_log_file_num: 1000
2023/05/22-22:47:04.708793 7f2023afacc0                    Options.recycle_log_file_num: 0
2023/05/22-22:47:04.708795 7f2023afacc0                         Options.allow_fallocate: 1
2023/05/22-22:47:04.708798 7f2023afacc0                        Options.allow_mmap_reads: 0
2023/05/22-22:47:04.708800 7f2023afacc0                       Options.allow_mmap_writes: 0
2023/05/22-22:47:04.708802 7f2023afacc0                        Options.use_direct_reads: 0
2023/05/22-22:47:04.708805 7f2023afacc0                        Options.use_direct_io_for_flush_and_compaction: 0
2023/05/22-22:47:04.708807 7f2023afacc0          Options.create_missing_column_families: 1
2023/05/22-22:47:04.708810 7f2023afacc0                              Options.db_log_dir: 
2023/05/22-22:47:04.708812 7f2023afacc0                                 Options.wal_dir: /home/umangutkarsh0024/ic-projects/token/.dfx/state/replicated_state/node-100/ic_consensus_pool/consensus
2023/05/22-22:47:04.708815 7f2023afacc0                Options.table_cache_numshardbits: 6
2023/05/22-22:47:04.708817 7f2023afacc0                         Options.WAL_ttl_seconds: 0
2023/05/22-22:47:04.708819 7f2023afacc0                       Options.WAL_size_limit_MB: 0
2023/05/22-22:47:04.708822 7f2023afacc0                        Options.max_write_batch_group_size_bytes: 1048576
2023/05/22-22:47:04.708824 7f2023afacc0             Options.manifest_preallocation_size: 4194304
2023/05/22-22:47:04.708827 7f2023afacc0                     Options.is_fd_close_on_exec: 1
2023/05/22-22:47:04.708829 7f2023afacc0                   Options.advise_random_on_open: 1
2023/05/22-22:47:04.708831 7f2023afacc0                    Options.db_write_buffer_size: 0
2023/05/22-22:47:04.708834 7f2023afacc0                    Options.write_buffer_manager: 0x55b3823106b0
2023/05/22-22:47:04.708941 7f2023afacc0         Options.access_hint_on_compaction_start: 1
2023/05/22-22:47:04.708950 7f2023afacc0  Options.new_table_reader_for_compaction_inputs: 0
2023/05/22-22:47:04.708953 7f2023afacc0           Options.random_access_max_buffer_size: 1048576
2023/05/22-22:47:04.708956 7f2023afacc0                      Options.use_adaptive_mutex: 0
2023/05/22-22:47:04.708959 7f2023afacc0                            Options.rate_limiter: (nil)
2023/05/22-22:47:04.708964 7f2023afacc0     Options.sst_file_manager.rate_bytes_per_sec: 0
2023/05/22-22:47:04.708967 7f2023afacc0                       Options.wal_recovery_mode: 2
2023/05/22-22:47:04.708969 7f2023afacc0                  Options.enable_thread_tracking: 0
2023/05/22-22:47:04.708972 7f2023afacc0                  Options.enable_pipelined_write: 0
2023/05/22-22:47:04.708975 7f2023afacc0                  Options.unordered_write: 0
2023/05/22-22:47:04.708977 7f2023afacc0         Options.allow_concurrent_memtable_write: 1
2023/05/22-22:47:04.708979 7f2023afacc0      Options.enable_write_thread_adaptive_yield: 1
2023/05/22-22:47:04.708982 7f2023afacc0             Options.write_thread_max_yield_usec: 100
2023/05/22-22:47:04.708984 7f2023afacc0            Options.write_thread_slow_yield_usec: 3
2023/05/22-22:47:04.708987 7f2023afacc0                               Options.row_cache: None
2023/05/22-22:47:04.708990 7f2023afacc0                              Options.wal_filter: None
2023/05/22-22:47:04.708993 7f2023afacc0             Options.avoid_flush_during_recovery: 0
2023/05/22-22:47:04.708996 7f2023afacc0             Options.allow_ingest_behind: 0
2023/05/22-22:47:04.708998 7f2023afacc0             Options.preserve_deletes: 0
2023/05/22-22:47:04.709000 7f2023afacc0             Options.two_write_queues: 0
2023/05/22-22:47:04.709003 7f2023afacc0             Options.manual_wal_flush: 0
2023/05/22-22:47:04.709005 7f2023afacc0             Options.atomic_flush: 0
2023/05/22-22:47:04.709007 7f2023afacc0             Options.avoid_unnecessary_blocking_io: 0
2023/05/22-22:47:04.709010 7f2023afacc0                 Options.persist_stats_to_disk: 0
2023/05/22-22:47:04.709012 7f2023afacc0                 Options.write_dbid_to_manifest: 0
2023/05/22-22:47:04.709015 7f2023afacc0                 Options.log_readahead_size: 0
2023/05/22-22:47:04.709017 7f2023afacc0                 Options.file_checksum_gen_factory: Unknown
2023/05/22-22:47:04.709020 7f2023afacc0                 Options.best_efforts_recovery: 0
2023/05/22-22:47:04.709022 7f2023afacc0                Options.max_bgerror_resume_count: 2147483647
2023/05/22-22:47:04.709025 7f2023afacc0            Options.bgerror_resume_retry_interval: 1000000
2023/05/22-22:47:04.709027 7f2023afacc0             Options.allow_data_in_errors: 0
2023/05/22-22:47:04.709030 7f2023afacc0             Options.db_host_id: __hostname__
2023/05/22-22:47:04.709033 7f2023afacc0             Options.max_background_jobs: 2
2023/05/22-22:47:04.709035 7f2023afacc0             Options.max_background_compactions: -1
2023/05/22-22:47:04.709038 7f2023afacc0             Options.max_subcompactions: 1
2023/05/22-22:47:04.709041 7f2023afacc0             Options.avoid_flush_during_shutdown: 0
2023/05/22-22:47:04.709043 7f2023afacc0           Options.writable_file_max_buffer_size: 1048576
2023/05/22-22:47:04.709046 7f2023afacc0             Options.delayed_write_rate : 16777216
2023/05/22-22:47:04.709049 7f2023afacc0             Options.max_total_wal_size: 0
2023/05/22-22:47:04.709051 7f2023afacc0             Options.delete_obsolete_files_period_micros: 21600000000
2023/05/22-22:47:04.709054 7f2023afacc0                   Options.stats_dump_period_sec: 600
2023/05/22-22:47:04.709057 7f2023afacc0                 Options.stats_persist_period_sec: 600
2023/05/22-22:47:04.709060 7f2023afacc0                 Options.stats_history_buffer_size: 1048576
2023/05/22-22:47:04.709063 7f2023afacc0                          Options.max_open_files: -1
2023/05/22-22:47:04.709065 7f2023afacc0                          Options.bytes_per_sync: 0
2023/05/22-22:47:04.709068 7f2023afacc0                      Options.wal_bytes_per_sync: 0
2023/05/22-22:47:04.709097 7f2023afacc0                   Options.strict_bytes_per_sync: 0
2023/05/22-22:47:04.709101 7f2023afacc0       Options.compaction_readahead_size: 0
2023/05/22-22:47:04.709104 7f2023afacc0                  Options.max_background_flushes: -1
2023/05/22-22:47:04.709106 7f2023afacc0 Compression algorithms supported:
2023/05/22-22:47:04.709110 7f2023afacc0 	kZSTDNotFinalCompression supported: 1
2023/05/22-22:47:04.709157 7f2023afacc0 	kZSTD supported: 1
2023/05/22-22:47:04.709165 7f2023afacc0 	kXpressCompression supported: 0
2023/05/22-22:47:04.709168 7f2023afacc0 	kLZ4HCCompression supported: 1
2023/05/22-22:47:04.709171 7f2023afacc0 	kLZ4Compression supported: 1
2023/05/22-22:47:04.709174 7f2023afacc0 	kBZip2Compression supported: 1
2023/05/22-22:47:04.709176 7f2023afacc0 	kZlibCompression supported: 1
2023/05/22-22:47:04.709179 7f2023afacc0 	kSnappyCompression supported: 1
2023/05/22-22:47:04.709188 7f2023afacc0 Fast CRC32 supported: Supported on x86
2023/05/22-22:47:04.710329 7f2023afacc0 [db/version_set.cc:4758] Recovering from manifest file: /home/umangutkarsh0024/ic-projects/token/.dfx/state/replicated_state/node-100/ic_consensus_pool/consensus/MANIFEST-000518
2023/05/22-22:47:04.734126 7f2023afacc0 [db/column_family.cc:595] --------------- Options for column family [default]:
2023/05/22-22:47:04.734148 7f2023afacc0               Options.comparator: leveldb.BytewiseComparator
2023/05/22-22:47:04.734152 7f2023afacc0           Options.merge_operator: None
2023/05/22-22:47:04.734155 7f2023afacc0        Options.compaction_filter: None
2023/05/22-22:47:04.734157 7f2023afacc0        Options.compaction_filter_factory: None
2023/05/22-22:47:04.734160 7f2023afacc0  Options.sst_partitioner_factory: None
2023/05/22-22:47:04.734163 7f2023afacc0         Options.memtable_factory: SkipListFactory
2023/05/22-22:47:04.734167 7f2023afacc0            Options.table_factory: BlockBasedTable
2023/05/22-22:47:04.750865 7f2023afacc0            table_factory options:   flush_block_policy_factory: FlushBlockBySizePolicyFactory (0x55b38230e160)
  cache_index_and_filter_blocks: 0
  cache_index_and_filter_blocks_with_high_priority: 1
  pin_l0_filter_and_index_blocks_in_cache: 0
  pin_top_level_index_and_filter: 1
  index_type: 0
  data_block_index_type: 0
  index_shortening: 1
  data_block_hash_table_util_ratio: 0.750000
  hash_index_allow_collision: 1
  checksum: 1
  no_block_cache: 0
  block_cache: 0x55b38230e1b0
  block_cache_name: LRUCache
  block_cache_options:
    capacity : 8388608
    num_shard_bits : 4
    strict_capacity_limit : 0
    memory_allocator : None
    high_pri_pool_ratio: 0.000
  block_cache_compressed: (nil)
  persistent_cache: (nil)
  block_size: 4096
  block_size_deviation: 10
  block_restart_interval: 16
  index_block_restart_interval: 1
  metadata_block_size: 4096
  partition_filters: 0
  use_delta_encoding: 1
  filter_policy: nullptr
  whole_key_filtering: 1
  verify_compression: 0
  read_amp_bytes_per_bit: 0
  format_version: 4
  enable_index_compression: 1
  block_align: 0
2023/05/22-22:47:04.751290 7f2023afacc0        Options.write_buffer_size: 67108864
2023/05/22-22:47:04.751304 7f2023afacc0  Options.max_write_buffer_number: 2
2023/05/22-22:47:04.751310 7f2023afacc0          Options.compression: Snappy
2023/05/22-22:47:04.751316 7f2023afacc0                  Options.bottommost_compression: Disabled
2023/05/22-22:47:04.751321 7f2023afacc0       Options.prefix_extractor: nullptr
2023/05/22-22:47:04.751326 7f2023afacc0   Options.memtable_insert_with_hint_prefix_extractor: nullptr
2023/05/22-22:47:04.751331 7f2023afacc0             Options.num_levels: 7
2023/05/22-22:47:04.751336 7f2023afacc0        Options.min_write_buffer_number_to_merge: 1
2023/05/22-22:47:04.751340 7f2023afacc0     Options.max_write_buffer_number_to_maintain: 0
2023/05/22-22:47:04.751345 7f2023afacc0     Options.max_write_buffer_size_to_maintain: 0
2023/05/22-22:47:04.751349 7f2023afacc0            Options.bottommost_compression_opts.window_bits: -14
2023/05/22-22:47:04.752023 7f2023afacc0                  Options.bottommost_compression_opts.level: 32767
2023/05/22-22:47:04.752038 7f2023afacc0               Options.bottommost_compression_opts.strategy: 0
2023/05/22-22:47:04.752043 7f2023afacc0         Options.bottommost_compression_opts.max_dict_bytes: 0
2023/05/22-22:47:04.752048 7f2023afacc0         Options.bottommost_compression_opts.zstd_max_train_bytes: 0
2023/05/22-22:47:04.752052 7f2023afacc0         Options.bottommost_compression_opts.parallel_threads: 1
2023/05/22-22:47:04.752057 7f2023afacc0                  Options.bottommost_compression_opts.enabled: false
2023/05/22-22:47:04.752062 7f2023afacc0            Options.compression_opts.window_bits: -14
2023/05/22-22:47:04.752115 7f2023afacc0                  Options.compression_opts.level: 32767
2023/05/22-22:47:04.752124 7f2023afacc0               Options.compression_opts.strategy: 0
2023/05/22-22:47:04.752128 7f2023afacc0         Options.compression_opts.max_dict_bytes: 0
2023/05/22-22:47:04.752133 7f2023afacc0         Options.compression_opts.zstd_max_train_bytes: 0
2023/05/22-22:47:04.752137 7f2023afacc0         Options.compression_opts.parallel_threads: 1
2023/05/22-22:47:04.752142 7f2023afacc0                  Options.compression_opts.enabled: false
2023/05/22-22:47:04.752146 7f2023afacc0      Options.level0_file_num_compaction_trigger: 4
2023/05/22-22:47:04.752151 7f2023afacc0          Options.level0_slowdown_writes_trigger: 20
2023/05/22-22:47:04.752156 7f2023afacc0              Options.level0_stop_writes_trigger: 36
2023/05/22-22:47:04.752161 7f2023afacc0                   Options.target_file_size_base: 67108864
2023/05/22-22:47:04.752165 7f2023afacc0             Options.target_file_size_multiplier: 1
2023/05/22-22:47:04.752170 7f2023afacc0                Options.max_bytes_for_level_base: 268435456
2023/05/22-22:47:04.752175 7f2023afacc0 Options.level_compaction_dynamic_level_bytes: 0
2023/05/22-22:47:04.752179 7f2023afacc0          Options.max_bytes_for_level_multiplier: 10.000000
2023/05/22-22:47:04.752192 7f2023afacc0 Options.max_bytes_for_level_multiplier_addtl[0]: 1
2023/05/22-22:47:04.752197 7f2023afacc0 Options.max_bytes_for_level_multiplier_addtl[1]: 1
2023/05/22-22:47:04.752202 7f2023afacc0 Options.max_bytes_for_level_multiplier_addtl[2]: 1
2023/05/22-22:47:04.752207 7f2023afacc0 Options.max_bytes_for_level_multiplier_addtl[3]: 1
2023/05/22-22:47:04.752212 7f2023afacc0 Options.max_bytes_for_level_multiplier_addtl[4]: 1
2023/05/22-22:47:04.752217 7f2023afacc0 Options.max_bytes_for_level_multiplier_addtl[5]: 1
2023/05/22-22:47:04.752222 7f2023afacc0 Options.max_bytes_for_level_multiplier_addtl[6]: 1
2023/05/22-22:47:04.752226 7f2023afacc0       Options.max_sequential_skip_in_iterations: 8
2023/05/22-22:47:04.752231 7f2023afacc0                    Options.max_compaction_bytes: 1677721600
2023/05/22-22:47:04.752236 7f2023afacc0                        Options.arena_block_size: 8388608
2023/05/22-22:47:04.752241 7f2023afacc0   Options.soft_pending_compaction_bytes_limit: 68719476736
2023/05/22-22:47:04.752245 7f2023afacc0   Options.hard_pending_compaction_bytes_limit: 274877906944
2023/05/22-22:47:04.752249 7f2023afacc0       Options.rate_limit_delay_max_milliseconds: 100
2023/05/22-22:47:04.752254 7f2023afacc0                Options.disable_auto_compactions: 0
2023/05/22-22:47:04.752263 7f2023afacc0                        Options.compaction_style: kCompactionStyleLevel
2023/05/22-22:47:04.752269 7f2023afacc0                          Options.compaction_pri: kMinOverlappingRatio
2023/05/22-22:47:04.752274 7f2023afacc0 Options.compaction_options_universal.size_ratio: 1
2023/05/22-22:47:04.752279 7f2023afacc0 Options.compaction_options_universal.min_merge_width: 2
2023/05/22-22:47:04.752284 7f2023afacc0 Options.compaction_options_universal.max_merge_width: 4294967295
2023/05/22-22:47:04.752289 7f2023afacc0 Options.compaction_options_universal.max_size_amplification_percent: 200
2023/05/22-22:47:04.752294 7f2023afacc0 Options.compaction_options_universal.compression_size_percent: -1
2023/05/22-22:47:04.752300 7f2023afacc0 Options.compaction_options_universal.stop_style: kCompactionStopStyleTotalSize
2023/05/22-22:47:04.762854 7f2023afacc0 Options.compaction_options_fifo.max_table_files_size: 1073741824
2023/05/22-22:47:04.762881 7f2023afacc0 Options.compaction_options_fifo.allow_compaction: 0
2023/05/22-22:47:04.762903 7f2023afacc0                   Options.table_properties_collectors: 
2023/05/22-22:47:04.762909 7f2023afacc0                   Options.inplace_update_support: 0
2023/05/22-22:47:04.762914 7f2023afacc0                 Options.inplace_update_num_locks: 10000
2023/05/22-22:47:04.762919 7f2023afacc0               Options.memtable_prefix_bloom_size_ratio: 0.000000
2023/05/22-22:47:04.762929 7f2023afacc0               Options.memtable_whole_key_filtering: 0
2023/05/22-22:47:04.762934 7f2023afacc0   Options.memtable_huge_page_size: 0
2023/05/22-22:47:04.762938 7f2023afacc0                           Options.bloom_locality: 0
2023/05/22-22:47:04.762943 7f2023afacc0                    Options.max_successive_merges: 0
2023/05/22-22:47:04.762948 7f2023afacc0                Options.optimize_filters_for_hits: 0
2023/05/22-22:47:04.762952 7f2023afacc0                Options.paranoid_file_checks: 0
2023/05/22-22:47:04.762957 7f2023afacc0                Options.force_consistency_checks: 1
2023/05/22-22:47:04.762961 7f2023afacc0                Options.report_bg_io_stats: 0
2023/05/22-22:47:04.762966 7f2023afacc0                               Options.ttl: 2592000
2023/05/22-22:47:04.762970 7f2023afacc0          Options.periodic_compaction_seconds: 0
2023/05/22-22:47:04.762974 7f2023afacc0                    Options.enable_blob_files: false
2023/05/22-22:47:04.762980 7f2023afacc0                        Options.min_blob_size: 0
2023/05/22-22:47:04.762984 7f2023afacc0                       Options.blob_file_size: 268435456
2023/05/22-22:47:04.762989 7f2023afacc0                Options.blob_compression_type: NoCompression
2023/05/22-22:47:04.762994 7f2023afacc0       Options.enable_blob_garbage_collection: false
2023/05/22-22:47:04.762998 7f2023afacc0   Options.blob_garbage_collection_age_cutoff: 0.250000
2023/05/22-22:47:04.804281 7f2023afacc0 [db/column_family.cc:595] --------------- Options for column family [RB]:
2023/05/22-22:47:04.804313 7f2023afacc0               Options.comparator: leveldb.BytewiseComparator
2023/05/22-22:47:04.804327 7f2023afacc0           Options.merge_operator: None
2023/05/22-22:47:04.804339 7f2023afacc0        Options.compaction_filter: filter_outdated
2023/05/22-22:47:04.804351 7f2023afacc0        Options.compaction_filter_factory: None
2023/05/22-22:47:04.804358 7f2023afacc0  Options.sst_partitioner_factory: None
2023/05/22-22:47:04.804368 7f2023afacc0         Options.memtable_factory: SkipListFactory
2023/05/22-22:47:04.804377 7f2023afacc0            Options.table_factory: BlockBasedTable
2023/05/22-22:47:04.818463 7f2023afacc0            table_factory options:   flush_block_policy_factory: FlushBlockBySizePolicyFactory (0x55b3822f4360)
  cache_index_and_filter_blocks: 0
  cache_index_and_filter_blocks_with_high_priority: 1
  pin_l0_filter_and_index_blocks_in_cache: 0
  pin_top_level_index_and_filter: 1
  index_type: 0
  data_block_index_type: 0
  index_shortening: 1
  data_block_hash_table_util_ratio: 0.750000
  hash_index_allow_collision: 1
  checksum: 1
  no_block_cache: 0
  block_cache: 0x55b3822f43b0
  block_cache_name: LRUCache
  block_cache_options:
    capacity : 8388608
    num_shard_bits : 4
    strict_capacity_limit : 0
    memory_allocator : None
    high_pri_pool_ratio: 0.000
  block_cache_compressed: (nil)
  persistent_cache: (nil)
  block_size: 4096
  block_size_deviation: 10
  block_restart_interval: 16
  index_block_restart_interval: 1
  metadata_block_size: 4096
  partition_filters: 0
  use_delta_encoding: 1
  filter_policy: nullptr
  whole_key_filtering: 1
  verify_compression: 0
  read_amp_bytes_per_bit: 0
  format_version: 4
  enable_index_compression: 1
  block_align: 0
2023/05/22-22:47:04.818512 7f2023afacc0        Options.write_buffer_size: 67108864
2023/05/22-22:47:04.818520 7f2023afacc0  Options.max_write_buffer_number: 2
2023/05/22-22:47:04.819165 7f2023afacc0          Options.compression: NoCompression
2023/05/22-22:47:04.819189 7f2023afacc0                  Options.bottommost_compression: Disabled
2023/05/22-22:47:04.819198 7f2023afacc0       Options.prefix_extractor: nullptr
2023/05/22-22:47:04.819206 7f2023afacc0   Options.memtable_insert_with_hint_prefix_extractor: nullptr
2023/05/22-22:47:04.819211 7f2023afacc0             Options.num_levels: 7
2023/05/22-22:47:04.819218 7f2023afacc0        Options.min_write_buffer_number_to_merge: 1
2023/05/22-22:47:04.819225 7f2023afacc0     Options.max_write_buffer_number_to_maintain: 0
2023/05/22-22:47:04.819232 7f2023afacc0     Options.max_write_buffer_size_to_maintain: 0
2023/05/22-22:47:04.819239 7f2023afacc0            Options.bottommost_compression_opts.window_bits: -14
2023/05/22-22:47:04.819246 7f2023afacc0                  Options.bottommost_compression_opts.level: 32767
2023/05/22-22:47:04.819255 7f2023afacc0               Options.bottommost_compression_opts.strategy: 0
2023/05/22-22:47:04.819262 7f2023afacc0         Options.bottommost_compression_opts.max_dict_bytes: 0
2023/05/22-22:47:04.819269 7f2023afacc0         Options.bottommost_compression_opts.zstd_max_train_bytes: 0
2023/05/22-22:47:04.819276 7f2023afacc0         Options.bottommost_compression_opts.parallel_threads: 1
2023/05/22-22:47:04.819282 7f2023afacc0                  Options.bottommost_compression_opts.enabled: false
2023/05/22-22:47:04.819290 7f2023afacc0            Options.compression_opts.window_bits: -14
2023/05/22-22:47:04.819298 7f2023afacc0                  Options.compression_opts.level: 32767
2023/05/22-22:47:04.819304 7f2023afacc0               Options.compression_opts.strategy: 0
2023/05/22-22:47:04.819311 7f2023afacc0         Options.compression_opts.max_dict_bytes: 0
2023/05/22-22:47:04.819317 7f2023afacc0         Options.compression_opts.zstd_max_train_bytes: 0
2023/05/22-22:47:04.819324 7f2023afacc0         Options.compression_opts.parallel_threads: 1
2023/05/22-22:47:04.819330 7f2023afacc0                  Options.compression_opts.enabled: false
2023/05/22-22:47:04.819336 7f2023afacc0      Options.level0_file_num_compaction_trigger: 4
2023/05/22-22:47:04.819344 7f2023afacc0          Options.level0_slowdown_writes_trigger: 20
2023/05/22-22:47:04.819351 7f2023afacc0              Options.level0_stop_writes_trigger: 36
2023/05/22-22:47:04.819357 7f2023afacc0                   Options.target_file_size_base: 67108864
2023/05/22-22:47:04.819361 7f2023afacc0             Options.target_file_size_multiplier: 1
2023/05/22-22:47:04.819369 7f2023afacc0                Options.max_bytes_for_level_base: 268435456
2023/05/22-22:47:04.819376 7f2023afacc0 Options.level_compaction_dynamic_level_bytes: 0
2023/05/22-22:47:04.819383 7f2023afacc0          Options.max_bytes_for_level_multiplier: 10.000000
2023/05/22-22:47:04.819397 7f2023afacc0 Options.max_bytes_for_level_multiplier_addtl[0]: 1
2023/05/22-22:47:04.819404 7f2023afacc0 Options.max_bytes_for_level_multiplier_addtl[1]: 1
2023/05/22-22:47:04.819412 7f2023afacc0 Options.max_bytes_for_level_multiplier_addtl[2]: 1
2023/05/22-22:47:04.819420 7f2023afacc0 Options.max_bytes_for_level_multiplier_addtl[3]: 1
2023/05/22-22:47:04.819426 7f2023afacc0 Options.max_bytes_for_level_multiplier_addtl[4]: 1
2023/05/22-22:47:04.819433 7f2023afacc0 Options.max_bytes_for_level_multiplier_addtl[5]: 1
2023/05/22-22:47:04.819440 7f2023afacc0 Options.max_bytes_for_level_multiplier_addtl[6]: 1
2023/05/22-22:47:04.819447 7f2023afacc0       Options.max_sequential_skip_in_iterations: 8
2023/05/22-22:47:04.819453 7f2023afacc0                    Options.max_compaction_bytes: 1677721600
2023/05/22-22:47:04.819459 7f2023afacc0                        Options.arena_block_size: 8388608
2023/05/22-22:47:04.819464 7f2023afacc0   Options.soft_pending_compaction_bytes_limit: 68719476736
2023/05/22-22:47:04.819472 7f2023afacc0   Options.hard_pending_compaction_bytes_limit: 274877906944
2023/05/22-22:47:04.819479 7f2023afacc0       Options.rate_limit_delay_max_milliseconds: 100
2023/05/22-22:47:04.819725 7f2023afacc0                Options.disable_auto_compactions: 1
2023/05/22-22:47:04.819744 7f2023afacc0                        Options.compaction_style: kCompactionStyleLevel
2023/05/22-22:47:04.819753 7f2023afacc0                          Options.compaction_pri: kMinOverlappingRatio
2023/05/22-22:47:04.819760 7f2023afacc0 Options.compaction_options_universal.size_ratio: 1
2023/05/22-22:47:04.819767 7f2023afacc0 Options.compaction_options_universal.min_merge_width: 2
2023/05/22-22:47:04.819773 7f2023afacc0 Options.compaction_options_universal.max_merge_width: 4294967295
2023/05/22-22:47:04.819780 7f2023afacc0 Options.compaction_options_universal.max_size_amplification_percent: 200
2023/05/22-22:47:04.819786 7f2023afacc0 Options.compaction_options_universal.compression_size_percent: -1
2023/05/22-22:47:04.819794 7f2023afacc0 Options.compaction_options_universal.stop_style: kCompactionStopStyleTotalSize
2023/05/22-22:47:04.819801 7f2023afacc0 Options.compaction_options_fifo.max_table_files_size: 1073741824
2023/05/22-22:47:04.819808 7f2023afacc0 Options.compaction_options_fifo.allow_compaction: 0
2023/05/22-22:47:04.819828 7f2023afacc0                   Options.table_properties_collectors: 
2023/05/22-22:47:04.819837 7f2023afacc0                   Options.inplace_update_support: 0
2023/05/22-22:47:04.819844 7f2023afacc0                 Options.inplace_update_num_locks: 10000
2023/05/22-22:47:04.819849 7f2023afacc0               Options.memtable_prefix_bloom_size_ratio: 0.000000
2023/05/22-22:47:04.819859 7f2023afacc0               Options.memtable_whole_key_filtering: 0
2023/05/22-22:47:04.819866 7f2023afacc0   Options.memtable_huge_page_size: 0
2023/05/22-22:47:04.819873 7f2023afacc0                           Options.bloom_locality: 0
2023/05/22-22:47:04.819879 7f2023afacc0                    Options.max_successive_merges: 0
2023/05/22-22:47:04.819886 7f2023afacc0                Options.optimize_filters_for_hits: 0
2023/05/22-22:47:04.819892 7f2023afacc0                Options.paranoid_file_checks: 0
2023/05/22-22:47:04.819899 7f2023afacc0                Options.force_consistency_checks: 1
2023/05/22-22:47:04.819906 7f2023afacc0                Options.report_bg_io_stats: 0
2023/05/22-22:47:04.819912 7f2023afacc0                               Options.ttl: 2592000
2023/05/22-22:47:04.819918 7f2023afacc0          Options.periodic_compaction_seconds: 2592000
2023/05/22-22:47:04.819924 7f2023afacc0                    Options.enable_blob_files: false
2023/05/22-22:47:04.819931 7f2023afacc0                        Options.min_blob_size: 0
2023/05/22-22:47:04.819938 7f2023afacc0                       Options.blob_file_size: 268435456
2023/05/22-22:47:04.819943 7f2023afacc0                Options.blob_compression_type: NoCompression
2023/05/22-22:47:04.819950 7f2023afacc0       Options.enable_blob_garbage_collection: false
2023/05/22-22:47:04.819955 7f2023afacc0   Options.blob_garbage_collection_age_cutoff: 0.250000
2023/05/22-22:47:04.843339 7f2023afacc0 [db/column_family.cc:595] --------------- Options for column family [FZ]:
2023/05/22-22:47:04.843370 7f2023afacc0               Options.comparator: leveldb.BytewiseComparator
2023/05/22-22:47:04.843379 7f2023afacc0           Options.merge_operator: None
2023/05/22-22:47:04.843387 7f2023afacc0        Options.compaction_filter: filter_outdated
2023/05/22-22:47:04.843394 7f2023afacc0        Options.compaction_filter_factory: None
2023/05/22-22:47:04.843399 7f2023afacc0  Options.sst_partitioner_factory: None
2023/05/22-22:47:04.843406 7f2023afacc0         Options.memtable_factory: SkipListFactory
2023/05/22-22:47:04.843415 7f2023afacc0            Options.table_factory: BlockBasedTable
2023/05/22-22:47:04.863622 7f2023afacc0            table_factory options:   flush_block_policy_factory: FlushBlockBySizePolicyFactory (0x55b3822f6610)
  cache_index_and_filter_blocks: 0
  cache_index_and_filter_blocks_with_high_priority: 1
  pin_l0_filter_and_index_blocks_in_cache: 0
  pin_top_level_index_and_filter: 1
  index_type: 0
  data_block_index_type: 0
  index_shortening: 1
  data_block_hash_table_util_ratio: 0.750000
  hash_index_allow_collision: 1
  checksum: 1
  no_block_cache: 0
  block_cache: 0x55b3822f6660
  block_cache_name: LRUCache
  block_cache_options:
    capacity : 8388608
    num_shard_bits : 4
    strict_capacity_limit : 0
    memory_allocator : None
    high_pri_pool_ratio: 0.000
  block_cache_compressed: (nil)
  persistent_cache: (nil)
  block_size: 4096
  block_size_deviation: 10
  block_restart_interval: 16
  index_block_restart_interval: 1
  metadata_block_size: 4096
  partition_filters: 0
  use_delta_encoding: 1
  filter_policy: nullptr
  whole_key_filtering: 1
  verify_compression: 0
  read_amp_bytes_per_bit: 0
  format_version: 4
  enable_index_compression: 1
  block_align: 0
2023/05/22-22:47:04.863929 7f2023afacc0        Options.write_buffer_size: 67108864
2023/05/22-22:47:04.863941 7f2023afacc0  Options.max_write_buffer_number: 2
2023/05/22-22:47:04.863945 7f2023afacc0          Options.compression: NoCompression
2023/05/22-22:47:04.863949 7f2023afacc0                  Options.bottommost_compression: Disabled
2023/05/22-22:47:04.863952 7f2023afacc0       Options.prefix_extractor: nullptr
2023/05/22-22:47:04.863956 7f2023afacc0   Options.memtable_insert_with_hint_prefix_extractor: nullptr
2023/05/22-22:47:04.863959 7f2023afacc0             Options.num_levels: 7
2023/05/22-22:47:04.863962 7f2023afacc0        Options.min_write_buffer_number_to_merge: 1
2023/05/22-22:47:04.863965 7f2023afacc0     Options.max_write_buffer_number_to_maintain: 0
2023/05/22-22:47:04.863968 7f2023afacc0     Options.max_write_buffer_size_to_maintain: 0
2023/05/22-22:47:04.863970 7f2023afacc0            Options.bottommost_compression_opts.window_bits: -14
2023/05/22-22:47:04.863973 7f2023afacc0                  Options.bottommost_compression_opts.level: 32767
2023/05/22-22:47:04.863976 7f2023afacc0               Options.bottommost_compression_opts.strategy: 0
2023/05/22-22:47:04.863979 7f2023afacc0         Options.bottommost_compression_opts.max_dict_bytes: 0
2023/05/22-22:47:04.863982 7f2023afacc0         Options.bottommost_compression_opts.zstd_max_train_bytes: 0
2023/05/22-22:47:04.863985 7f2023afacc0         Options.bottommost_compression_opts.parallel_threads: 1
2023/05/22-22:47:04.863988 7f2023afacc0                  Options.bottommost_compression_opts.enabled: false
2023/05/22-22:47:04.863991 7f2023afacc0            Options.compression_opts.window_bits: -14
2023/05/22-22:47:04.863994 7f2023afacc0                  Options.compression_opts.level: 32767
2023/05/22-22:47:04.863997 7f2023afacc0               Options.compression_opts.strategy: 0
2023/05/22-22:47:04.864000 7f2023afacc0         Options.compression_opts.max_dict_bytes: 0
2023/05/22-22:47:04.864003 7f2023afacc0         Options.compression_opts.zstd_max_train_bytes: 0
2023/05/22-22:47:04.864006 7f2023afacc0         Options.compression_opts.parallel_threads: 1
2023/05/22-22:47:04.864008 7f2023afacc0                  Options.compression_opts.enabled: false
2023/05/22-22:47:04.864011 7f2023afacc0      Options.level0_file_num_compaction_trigger: 4
2023/05/22-22:47:04.864014 7f2023afacc0          Options.level0_slowdown_writes_trigger: 20
2023/05/22-22:47:04.864017 7f2023afacc0              Options.level0_stop_writes_trigger: 36
2023/05/22-22:47:04.864019 7f2023afacc0                   Options.target_file_size_base: 67108864
2023/05/22-22:47:04.864022 7f2023afacc0             Options.target_file_size_multiplier: 1
2023/05/22-22:47:04.864025 7f2023afacc0                Options.max_bytes_for_level_base: 268435456
2023/05/22-22:47:04.864028 7f2023afacc0 Options.level_compaction_dynamic_level_bytes: 0
2023/05/22-22:47:04.864032 7f2023afacc0          Options.max_bytes_for_level_multiplier: 10.000000
2023/05/22-22:47:04.864040 7f2023afacc0 Options.max_bytes_for_level_multiplier_addtl[0]: 1
2023/05/22-22:47:04.864044 7f2023afacc0 Options.max_bytes_for_level_multiplier_addtl[1]: 1
2023/05/22-22:47:04.864047 7f2023afacc0 Options.max_bytes_for_level_multiplier_addtl[2]: 1
2023/05/22-22:47:04.864050 7f2023afacc0 Options.max_bytes_for_level_multiplier_addtl[3]: 1
2023/05/22-22:47:04.864664 7f2023afacc0 Options.max_bytes_for_level_multiplier_addtl[4]: 1
2023/05/22-22:47:04.864680 7f2023afacc0 Options.max_bytes_for_level_multiplier_addtl[5]: 1
2023/05/22-22:47:04.864685 7f2023afacc0 Options.max_bytes_for_level_multiplier_addtl[6]: 1
2023/05/22-22:47:04.864689 7f2023afacc0       Options.max_sequential_skip_in_iterations: 8
2023/05/22-22:47:04.864694 7f2023afacc0                    Options.max_compaction_bytes: 1677721600
2023/05/22-22:47:04.864702 7f2023afacc0                        Options.arena_block_size: 8388608
2023/05/22-22:47:04.864711 7f2023afacc0   Options.soft_pending_compaction_bytes_limit: 68719476736
2023/05/22-22:47:04.864715 7f2023afacc0   Options.hard_pending_compaction_bytes_limit: 274877906944
2023/05/22-22:47:04.864720 7f2023afacc0       Options.rate_limit_delay_max_milliseconds: 100
2023/05/22-22:47:04.864725 7f2023afacc0                Options.disable_auto_compactions: 1
2023/05/22-22:47:04.864734 7f2023afacc0                        Options.compaction_style: kCompactionStyleLevel
2023/05/22-22:47:04.864740 7f2023afacc0                          Options.compaction_pri: kMinOverlappingRatio
2023/05/22-22:47:04.864745 7f2023afacc0 Options.compaction_options_universal.size_ratio: 1
2023/05/22-22:47:04.864749 7f2023afacc0 Options.compaction_options_universal.min_merge_width: 2
2023/05/22-22:47:04.864753 7f2023afacc0 Options.compaction_options_universal.max_merge_width: 4294967295
2023/05/22-22:47:04.864757 7f2023afacc0 Options.compaction_options_universal.max_size_amplification_percent: 200
2023/05/22-22:47:04.864761 7f2023afacc0 Options.compaction_options_universal.compression_size_percent: -1
2023/05/22-22:47:04.864767 7f2023afacc0 Options.compaction_options_universal.stop_style: kCompactionStopStyleTotalSize
2023/05/22-22:47:04.864771 7f2023afacc0 Options.compaction_options_fifo.max_table_files_size: 1073741824
2023/05/22-22:47:04.864776 7f2023afacc0 Options.compaction_options_fifo.allow_compaction: 0
2023/05/22-22:47:04.864806 7f2023afacc0                   Options.table_properties_collectors: 
2023/05/22-22:47:04.864815 7f2023afacc0                   Options.inplace_update_support: 0
2023/05/22-22:47:04.864818 7f2023afacc0                 Options.inplace_update_num_locks: 10000
2023/05/22-22:47:04.864821 7f2023afacc0               Options.memtable_prefix_bloom_size_ratio: 0.000000
2023/05/22-22:47:04.864828 7f2023afacc0               Options.memtable_whole_key_filtering: 0
2023/05/22-22:47:04.864832 7f2023afacc0   Options.memtable_huge_page_size: 0
2023/05/22-22:47:04.864836 7f2023afacc0                           Options.bloom_locality: 0
2023/05/22-22:47:04.864839 7f2023afacc0                    Options.max_successive_merges: 0
2023/05/22-22:47:04.864842 7f2023afacc0                Options.optimize_filters_for_hits: 0
2023/05/22-22:47:04.864846 7f2023afacc0                Options.paranoid_file_checks: 0
2023/05/22-22:47:04.864850 7f2023afacc0                Options.force_consistency_checks: 1
2023/05/22-22:47:04.864855 7f2023afacc0                Options.report_bg_io_stats: 0
2023/05/22-22:47:04.864858 7f2023afacc0                               Options.ttl: 2592000
2023/05/22-22:47:04.864863 7f2023afacc0          Options.periodic_compaction_seconds: 2592000
2023/05/22-22:47:04.864866 7f2023afacc0                    Options.enable_blob_files: false
2023/05/22-22:47:04.864870 7f2023afacc0                        Options.min_blob_size: 0
2023/05/22-22:47:04.864874 7f2023afacc0                       Options.blob_file_size: 268435456
2023/05/22-22:47:04.864879 7f2023afacc0                Options.blob_compression_type: NoCompression
2023/05/22-22:47:04.864883 7f2023afacc0       Options.enable_blob_garbage_collection: false
2023/05/22-22:47:04.864887 7f2023afacc0   Options.blob_garbage_collection_age_cutoff: 0.250000
2023/05/22-22:47:04.866577 7f2023afacc0 [db/column_family.cc:595] --------------- Options for column family [NZ]:
2023/05/22-22:47:04.866605 7f2023afacc0               Options.comparator: leveldb.BytewiseComparator
2023/05/22-22:47:04.866896 7f2023afacc0           Options.merge_operator: None
2023/05/22-22:47:04.866913 7f2023afacc0        Options.compaction_filter: filter_outdated
2023/05/22-22:47:04.866922 7f2023afacc0        Options.compaction_filter_factory: None
2023/05/22-22:47:04.866934 7f2023afacc0  Options.sst_partitioner_factory: None
2023/05/22-22:47:04.866949 7f2023afacc0         Options.memtable_factory: SkipListFactory
2023/05/22-22:47:04.866959 7f2023afacc0            Options.table_factory: BlockBasedTable
2023/05/22-22:47:04.867343 7f2023afacc0            table_factory options:   flush_block_policy_factory: FlushBlockBySizePolicyFactory (0x55b3822f88a0)
  cache_index_and_filter_blocks: 0
  cache_index_and_filter_blocks_with_high_priority: 1
  pin_l0_filter_and_index_blocks_in_cache: 0
  pin_top_level_index_and_filter: 1
  index_type: 0
  data_block_index_type: 0
  index_shortening: 1
  data_block_hash_table_util_ratio: 0.750000
  hash_index_allow_collision: 1
  checksum: 1
  no_block_cache: 0
  block_cache: 0x55b3822f88f0
  block_cache_name: LRUCache
  block_cache_options:
    capacity : 8388608
    num_shard_bits : 4
    strict_capacity_limit : 0
    memory_allocator : None
    high_pri_pool_ratio: 0.000
  block_cache_compressed: (nil)
  persistent_cache: (nil)
  block_size: 4096
  block_size_deviation: 10
  block_restart_interval: 16
  index_block_restart_interval: 1
  metadata_block_size: 4096
  partition_filters: 0
  use_delta_encoding: 1
  filter_policy: nullptr
  whole_key_filtering: 1
  verify_compression: 0
  read_amp_bytes_per_bit: 0
  format_version: 4
  enable_index_compression: 1
  block_align: 0
2023/05/22-22:47:04.867509 7f2023afacc0        Options.write_buffer_size: 67108864
2023/05/22-22:47:04.867524 7f2023afacc0  Options.max_write_buffer_number: 2
2023/05/22-22:47:04.867531 7f2023afacc0          Options.compression: NoCompression
2023/05/22-22:47:04.867539 7f2023afacc0                  Options.bottommost_compression: Disabled
2023/05/22-22:47:04.867547 7f2023afacc0       Options.prefix_extractor: nullptr
2023/05/22-22:47:04.867554 7f2023afacc0   Options.memtable_insert_with_hint_prefix_extractor: nullptr
2023/05/22-22:47:04.867562 7f2023afacc0             Options.num_levels: 7
2023/05/22-22:47:04.867568 7f2023afacc0        Options.min_write_buffer_number_to_merge: 1
2023/05/22-22:47:04.867576 7f2023afacc0     Options.max_write_buffer_number_to_maintain: 0
2023/05/22-22:47:04.867584 7f2023afacc0     Options.max_write_buffer_size_to_maintain: 0
2023/05/22-22:47:04.867592 7f2023afacc0            Options.bottommost_compression_opts.window_bits: -14
2023/05/22-22:47:04.867600 7f2023afacc0                  Options.bottommost_compression_opts.level: 32767
2023/05/22-22:47:04.867607 7f2023afacc0               Options.bottommost_compression_opts.strategy: 0
2023/05/22-22:47:04.867613 7f2023afacc0         Options.bottommost_compression_opts.max_dict_bytes: 0
2023/05/22-22:47:04.867619 7f2023afacc0         Options.bottommost_compression_opts.zstd_max_train_bytes: 0
